object={
	name="tree_jungle_01_c_generator_1_0"
	render_pass=Map
	clamp_to_water_level=no
	generated_content=yes
	layer="tree_high_layer"
	pdxmesh="tree_jungle_01_c_mesh"
	count=39
	transform="2660.966797 0.000000 93.024292 0.000000 0.185171 0.000000 -0.982706 0.965330 0.965330 0.965330
2679.205322 0.000000 96.389839 0.000000 0.825423 0.000000 -0.564515 0.930999 0.930999 0.930999
2674.776611 0.000000 94.523911 0.000000 0.660972 0.000000 0.750410 0.840886 0.840886 0.840886
2672.567871 0.000000 98.055092 0.000000 0.927693 0.000000 0.373343 0.835524 0.835524 0.835524
2677.707031 0.000000 99.206284 0.000000 0.991664 0.000000 0.128849 0.872129 0.872129 0.872129
2675.070068 0.000000 97.249466 0.000000 0.936011 0.000000 0.351970 0.817568 0.817568 0.817568
2662.575195 0.000000 93.468521 0.000000 0.997662 0.000000 -0.068346 0.912602 0.912602 0.912602
2664.329102 0.000000 90.982872 0.000000 0.368429 0.000000 0.929656 0.591614 0.591614 0.591614
2662.551025 0.000000 90.723969 0.000000 0.669249 0.000000 0.743038 0.741912 0.741912 0.741912
2732.213135 0.000000 62.765320 0.000000 0.832527 0.000000 0.553984 0.880211 0.880211 0.880211
2737.497070 0.000000 56.939522 0.000000 0.041444 0.000000 -0.999141 1.030578 1.030578 1.030578
2734.054932 0.000000 63.657448 0.000000 0.495805 0.000000 -0.868434 1.053648 1.053648 1.053648
2734.262451 0.000000 57.170200 0.000000 0.783350 0.000000 -0.621580 0.969328 0.969328 0.969328
2737.288086 0.000000 62.361240 0.000000 0.471063 0.000000 0.882099 0.717951 0.717951 0.717951
2735.875244 0.000000 63.837776 0.000000 0.891993 0.000000 0.452050 0.831494 0.831494 0.831494
2737.052002 0.000000 61.162498 0.000000 0.183185 0.000000 -0.983078 1.258280 1.258280 1.258280
2734.642578 0.000000 61.203682 0.000000 0.620987 0.000000 -0.783821 1.132759 1.132759 1.132759
2719.173584 0.000000 72.576530 0.000000 0.925182 0.000000 0.379524 0.865013 0.865013 0.865013
2690.281250 0.000000 87.285141 0.000000 0.998052 0.000000 -0.062389 0.905471 0.905471 0.905471
2722.489746 0.000000 77.981659 0.000000 0.867143 0.000000 0.498059 0.862514 0.862514 0.862514
2721.229980 0.000000 73.794731 0.000000 0.511303 0.000000 -0.859400 0.981323 0.981323 0.981323
2743.650879 0.000000 82.400352 0.000000 0.989700 0.000000 -0.143158 0.913879 0.913879 0.913879
2716.453125 0.000000 77.238625 0.000000 0.007376 0.000000 -0.999973 1.107257 1.107257 1.107257
2694.327881 0.000000 87.113327 0.000000 0.110933 0.000000 -0.993828 1.080380 1.080380 1.080380
2694.838623 0.000000 91.667450 0.000000 0.121471 0.000000 -0.992595 1.121395 1.121395 1.121395
2720.172852 0.000000 77.635437 0.000000 0.831475 0.000000 0.555563 0.762355 0.762355 0.762355
2745.648438 0.000000 79.013206 0.000000 0.314047 0.000000 -0.949408 1.164294 1.164294 1.164294
2719.728760 0.000000 74.082970 0.000000 0.058424 0.000000 0.998292 0.509223 0.509223 0.509223
2692.178711 0.000000 90.638657 0.000000 0.812345 0.000000 0.583177 0.753106 0.753106 0.753106
2719.156982 0.000000 76.680550 0.000000 0.725985 0.000000 -0.687711 1.095947 1.095947 1.095947
2721.864014 0.000000 74.958427 0.000000 0.821128 0.000000 -0.570744 1.044668 1.044668 1.044668
2692.538330 0.000000 89.463005 0.000000 0.852187 0.000000 0.523238 0.757717 0.757717 0.757717
2742.494873 0.000000 81.993652 0.000000 0.124441 0.000000 0.992227 0.526356 0.526356 0.526356
2719.937012 0.000000 75.290573 0.000000 0.999996 0.000000 0.002770 0.899284 0.899284 0.899284
2781.808594 0.000000 68.638367 0.000000 0.716081 0.000000 -0.698017 0.972912 0.972912 0.972912
2774.724854 0.000000 66.699432 0.000000 0.538632 0.000000 -0.842541 0.958535 0.958535 0.958535
2791.637695 0.000000 78.470474 0.000000 0.871937 0.000000 -0.489618 0.960930 0.960930 0.960930
2790.032959 0.000000 79.676781 0.000000 0.763776 0.000000 0.645481 0.816443 0.816443 0.816443
2788.847656 0.000000 82.002167 0.000000 0.993739 0.000000 0.111724 0.884152 0.884152 0.884152
"}
